85 34 2.055050598 0.048299974603510584 0.024687290676314356
85 35 0.06131338576669999 0.06068219270233341 0.02702708674746756
85 36 0.0022307584152706996 0.0898986931713551 0.03740095687678608
86 34 2.271656245 0.07806994033812742 0.04056237767732867
86 35 3.297167523 0.042787974989076216 0.021906971843568095
87 34 0.6619257169999999 0.07809372685102939 0.037954429695609894
87 35 3.3447103039 0.040852217602323715 0.021974673739791013
87 36 0.7919103471327998 0.060581217639013474 0.028537587502487916
88 35 3.1337529922399976 0.04422714070047421 0.023034216392976384
88 36 1.9529790191264618 0.05734902659606102 0.030333681061826913
88 37 0.677338579472 0.04555795745598203 0.02229881552858246
89 35 1.6266584707840002 0.059547161290358044 0.032603211608857714
89 36 1.9310979645599993 0.056933000586191315 0.027874278322137822
89 37 2.2360605635080004 0.049794412539955965 0.023655417508468456
90 35 1.4900849347200005 0.04871069597814527 0.023748228541745395
90 36 1.3194269361 0.09238943077576031 0.050396668976748986
90 37 2.0285701454172 0.041620999601899904 0.022385082251996872
90 39 3.0607388e-08 0.03991762988929889 0.020687453800738005
91 36 1.7451317363249987 0.08129889481679285 0.04627847800136373
91 37 2.338764499786 0.06361183406294041 0.03791760833116507
91 38 0.7071547558649998 0.06327741520981578 0.027836000020985397
91 39 0.0031324019999999994 0.05186536554903605 0.024012374434199502
92 36 1.4168480481700005 0.09452000029356697 0.05199063729562353
92 37 2.1465891117 0.04156019627557783 0.022996072238060793
92 38 1.33677940113 0.050236264419778666 0.023792481665031857
92 39 0.2516414712829999 0.05963870158179926 0.026624098231663753
93 36 2.2619360803935997 0.06405934570514538 0.03328218745587647
93 37 2.2566329840319996 0.04620375569176252 0.02393671180441005
93 38 1.9734258918639995 0.05985196206954563 0.027223398154304284
93 39 0.09516452325000002 0.07822663162282843 0.038555969452470855
94 37 1.8949274972000003 0.050325954432619585 0.023893736459400523
94 38 1.4269708406219999 0.04844033264615839 0.022973300206276234
94 39 0.7724483401600002 0.0583457362459953 0.026179774296899102
95 37 2.1617559858999997 0.056446138604945496 0.028211752704631346
95 38 1.1449919224400005 0.04473253633301076 0.022722491771704996
95 39 1.0919544983600002 0.043325234249326675 0.022039102060087187
95 40 0.7321068533999999 0.0694430625035495 0.02952446999971216
95 41 0.7644740927479999 0.06803599775459791 0.02903280562497156
96 37 1.9857640140000004 0.05283922156714484 0.024825014497042407
96 38 0.9241305570000001 0.15466849465310253 0.0905867691687637
96 39 0.07994042742599997 0.043064993075067615 0.02272166948222993
96 41 2.46043230483 0.06801608230721083 0.029712139129731
97 37 0.6578797434000003 0.14290445423294384 0.07618128196276212
97 38 2.017230475 0.052273349720892745 0.025086685216609485
97 39 1.8187424447999996 0.0392697266184909 0.021272620785296043
97 40 0.15914848558512 0.06986025500562701 0.03171451675230246
97 41 0.6642078891183999 0.07469252528686374 0.03138008989832657
98 37 1.5332960349999998 0.06921870017693114 0.0404522346097632
98 38 0.5762006018999999 0.41649506424881244 0.22544065708658145
98 39 2.58306552 0.04355766136613329 0.02291969840450504
98 41 0.32096781599999996 0.05878353599867664 0.02620718802426457
99 38 1.2680263657599997 0.06987978493647322 0.037337332975123455
99 39 1.00436999558 0.1347375117212758 0.0758216389204382
99 40 0.8465927578500001 0.11269994810145524 0.05230800025965931
99 41 0.2909949057 0.5181279160593909 0.3458330934698843
99 42 0.14937012238275438 0.16638791860249302 0.08726096408737995
99 43 5.817499999999999e-07 1.9974300956022963 1.3785184669890913
100 38 0.5155947101800001 0.3771404230001833 0.2953565012477763
100 39 1.8723745169699997 0.07261142801810107 0.03973024394087196
100 40 0.25931709779727996 0.1096374587345537 0.04832670213188753
100 41 0.7080222550000002 0.07581425794844433 0.035207243753443
100 43 0.07605801963324581 0.08004831882219451 0.03358418765560907
101 40 0.5600126533 0.08921067333474683 0.04899315453527205
101 41 0.24426752699999993 1.2945162123139544 0.9446281307064424
101 42 1.4234161247652215 0.10156769005198393 0.06392838191793451
101 43 0.33564540308649987 0.1506238445687149 0.0736137484749305
102 40 0.20273022984179 0.2938397495949977 0.17438412191630584
102 41 2.093506086 0.0694363028190419 0.03229718704455709
102 42 0.01845184715 0.37579282845490247 0.2319131549840469
102 43 0.08076214839999998 0.07375945374524287 0.032097254784369665
103 42 0.9805620824000001 0.2710039451931145 0.1498210264112361
103 43 0.24805391100000002 0.18242641756731737 0.1008004974665641
103 44 0.4955645929716301 0.09529845844571293 0.04041186685491011
104 42 0.14346178 2.9857270108882568 1.6896312739152983
104 43 1.8897803696999995 0.0648146938631127 0.03014938898838698
105 42 0.5480560499999998 0.3419573057567414 0.21363370834226644
105 43 0.6711428142149999 0.1884335750867482 0.1125473997673575
105 44 0.7378319508626 0.08516605883205942 0.03765570694763536
105 45 0.07779257734235 0.1492091893033725 0.07048410273054789
106 43 2.2174830775800003 0.05064066184821315 0.026338968606325158
107 43 0.5107545370000001 0.1829780446819497 0.10969024551184468
107 44 0.3450571656316445 0.0925733169663487 0.045835091703345834
107 45 0.312929622 0.14405108313926182 0.0686684063338176
108 44 0.06100122 0.5648413816105063 0.3671708563964829
108 45 0.317086429 0.09400376726490767 0.039816872522904376
109 44 1.6623362949599991 0.08274493763721534 0.04324024207036269
109 45 0.2956169164 0.21701312726770075 0.11157684499664472
109 46 0.0006433911999199998 0.10710349054687562 0.049022946406259545
110 42 0.24277147999999998 0.6160664473241415 0.374860794749203
110 44 0.03362165 1.0421254552835393 0.722492529025498
110 45 0.32517628200000004 0.10461537368313557 0.046044663695230165
111 45 0.3581897663 0.16771644607267572 0.08628747670304823
111 46 0.04707028424999999 0.11330795905269798 0.05919101895635124
111 47 0.0264374279172 0.15016470035569832 0.07252018602067134
112 46 0.00504087075 43.694721626016275 29.544202439024396
112 47 0.6904382376 0.060361193068871256 0.027006667580077595
113 44 1.393250411 0.08547314757031109 0.043855482392261905
113 46 0.12040656300000001 0.18457916021416007 0.10606111441121648
113 47 0.071461826 0.12676050107634265 0.06151051603389556
114 46 0.0256625472 0.36950271359427195 0.22886631530617724
114 47 0.258896566872 0.06453785926110302 0.028536370592987283
115 47 0.44905958280000013 0.08457306627625644 0.04374486544058939
115 48 0.19168439376399998 0.11035220255484697 0.04710797861153805
116 46 0.155017247 0.9943072736449556 0.6783126021484724
116 47 1.7496285482 0.05006412649117113 0.024204370631916685
116 49 0.019588620028818 0.05263492786188705 0.024448757000574653
117 47 1.3013625629999999 0.07289054112894301 0.04003089825144604
117 48 1.0770687763559998 0.07420095010161933 0.03643075524587941
117 49 0.6878721733505999 0.16670767721051383 0.09232249539671729
118 46 0.40273064999999997 0.6186277979052973 0.3616553267853309
118 49 0.07782444 0.052892779379016035 0.024406820207487155
119 47 1.3242013651110003 0.09790939524240994 0.05106403591087615
119 48 1.4880727980900006 0.06475763342593682 0.03229742161534145
119 49 0.7139979000799999 0.1993671553396091 0.11452026507235473
120 49 0.256563764 0.05300313430018233 0.024379105015683453
121 47 1.3440676183769997 0.07627937091511423 0.037386863824415466
121 48 1.6620260157900004 0.06466275019345254 0.03021845347030697
121 49 0.922707878527992 0.06532414558109528 0.029191609387690477
122 47 1.1232880577279998 0.07443036086309526 0.03145036953038004
122 49 0.6310743389 0.04772787389219282 0.023031638079542036
123 48 1.8832854179699996 0.058514212049072346 0.027291866630701753
123 49 1.05728072832 0.055502682278601084 0.025199308400845357
123 50 0.006892030434103502 0.0552371241392852 0.02511035508222628
124 49 2.651196721 0.04539708136341041 0.022625897577391297
125 48 1.7281210744600002 0.054310519865705904 0.025425184996710263
125 49 1.2024723486 0.05248528582884381 0.024265529860548567
125 50 0.3335123532801001 0.05750258456252384 0.026078738696983208
125 51 0.420170898997808 0.18162133803785763 0.08060909428808447
126 49 2.763878156 0.04304856401353853 0.02217192535882186
126 50 0.04831133493499999 3.4720111784597094 2.3264249941949524
126 51 2.7546211843199995 0.07746913085550472 0.03306121053706082
127 49 1.6226811916800006 0.05083975617906201 0.023869235779684903
127 50 1.8657502541999997 0.06479878807007432 0.030783347575931732
127 51 0.6909918449809999 0.0909520961997628 0.040873445235651486
127 52 0.0048475719468000006 0.1400341996574289 0.06606582860993045
128 49 3.068610712 0.04180459626378663 0.02196755535806265
128 50 0.565225428 0.38672090103568585 0.20709325294140077
128 51 3.0476262000000003 0.07737727092749998 0.03360404531217268
128 53 0.0660738123977573 0.09855445277779477 0.041852379928596
129 49 2.1655071489999993 0.04484378729742228 0.022136375593329805
129 50 1.0079345499999999 0.06753716068077716 0.02934964724637587
129 51 1.4248069332700004 0.06279275344400104 0.028051084775769137
129 52 0.06208374747343999 1.5477957630277628 0.9031024897518095
129 53 0.0029723078000000003 17.424444455747704 7.299667721261443
130 49 3.4199995544000004 0.09265292713233679 0.05373410954621089
130 50 0.9224331000699998 0.21937984521564594 0.12564643033032397
130 51 3.269263119999999 0.08195033243081118 0.038575859486315436
131 51 1.7388089182800002 0.058613776999034695 0.027033369389637366
131 52 0.4158023208536002 0.19564874534817517 0.11676728818619685
131 53 0.38026960880878996 0.13346454161655816 0.06323009706730853
132 49 6.210422246 0.04826504948896913 0.026495797253059446
132 50 1.2819667963199999 0.1522933338670483 0.08727481011632811
132 51 2.4921232380000005 0.06992107444767476 0.03298177281453447
132 52 0.21244848944 0.5859972253715431 0.31416285588163906
132 53 2.262328060866299 0.06836740301065652 0.029513700613080132
133 50 0.2984137151999998 0.04457664242153196 0.02360241253144632
133 51 2.1835918924 0.05050947763243085 0.023974023028355985
133 52 1.1904616214400008 0.07487533656474328 0.03469793760755227
133 53 0.6113337710501998 0.08195619677716942 0.03451847886389271
133 54 0.0311238639288 2.6197171552888543 1.8069837466447694
134 50 0.105173178 0.09864604874777617 0.05500460892385634
134 51 0.111157291 0.04227900034596217 0.023385197000960152
134 52 0.861980391555 0.16501420499821262 0.08905531346974176
134 53 2.602713132917699 0.06473553395669067 0.029023919371510516
135 51 0.57709856622 0.04887288024051455 0.02332096465146393
135 52 0.38439111725999986 0.06960357144487812 0.03186066079527114
135 53 1.5779098920388996 0.052922441365760894 0.024813435165820897
135 54 0.24658230499200004 0.1998409540765739 0.1052987805957674
136 52 2.0385576114 0.058893766759787795 0.03198389848362201
136 53 2.3558108100799995 0.04572522962801339 0.022635314427177238
137 53 1.1346190334999997 0.04567656495765099 0.022750990131281974
137 54 0.189445767335 0.08694153113314941 0.0374780851704903
137 55 1.6442999999999999e-06 0.17123918439716315 0.08512095177304965
138 53 1.4197494757599998 0.05297807796157352 0.025137201052758885
138 54 1.1247302383914997 0.07990578068906076 0.0458474163365499
138 55 2.3606062415313014 0.052803088368842996 0.02510022455688269
139 54 1.02353548657189 0.10475695198491404 0.05552731721405294
139 55 0.30301076141299993 0.04702515234963188 0.02288394318827067
139 56 0.04406525915391 0.407001352702335 0.2589219461314807
140 54 1.1131219237999999 0.15980312233043814 0.11128895256641154
140 55 1.7960263361950004 0.05022998039428165 0.023983185191683014
140 56 0.18083354210893438 0.5984128132568688 0.3644414231169711
140 57 2.3075928760688327 0.05614127776255232 0.026244517491753414
